sujeto	A?O2	NIT	cla	SUBSECTOR	Z	zm	factor	AÑO
1	2010	800003193	0	12	"4,28"	1	1	1
1	2011	800003193	0	12	"4,51"	1	2	2
1	2012	800003193	0	12	"4,69"	1	1	3
1	2013	800003193	0	12	"5,45"	1	1	4
1	2014	800003193	0	12	"4,62"	1	1	5
2	2010	800004708	1	6	"3,86"	1	2	1
2	2011	800004708	1	6	"5,29"	1	1	2
2	2012	800004708	1	6	"5,22"	1	3	3
2	2013	800004708	1	6	"5,42"	1	1	4
2	2014	800004708	1	6	"5,93"	1	1	5
3	2010	800005141	0	10	"2,65"	2	2	1
3	2011	800005141	0	10	"3,25"	1	2	2
3	2012	800005141	0	10	"3,44"	1	1	3
3	2013	800005141	0	10	"2,82"	2	1	4
3	2014	800005141	0	10	"5,65"	1	2	5
4	2010	800008661	1	3	"1,90"	2	2	1
4	2011	800008661	1	3	"0,46"	3	2	2
4	2012	800008661	1	3	"0,12"	3	2	3
4	2013	800008661	1	3	"0,15"	3	1	4
4	2014	800008661	1	3	"0,53"	3	1	5
5	2010	800010950	0	1	"0,60"	3	1	1
5	2011	800010950	0	1	"1,04"	3	1	2
5	2012	800010950	0	1	"1,18"	3	2	3
5	2013	800010950	0	1	"0,89"	3	2	4
5	2014	800010950	0	1	"1,08"	3	2	5
6	2010	800018138	1	3	"1,25"	2	2	1
6	2011	800018138	1	3	"1,16"	3	1	2
6	2012	800018138	1	3	"1,28"	2	2	3
6	2013	800018138	1	3	"1,84"	2	2	4
6	2014	800018138	1	3	"1,33"	2	2	5
7	2010	800022051	0	6	"3,29"	1	2	1
7	2011	800022051	0	6	"2,59"	2	2	2
7	2012	800022051	0	6	"2,63"	2	2	3
7	2013	800022051	0	6	"2,64"	2	3	4
7	2014	800022051	0	6	"2,33"	2	2	5
8	2010	800022398	0	2	"1,55"	2	2	1
8	2011	800022398	0	2	"1,90"	2	1	2
8	2012	800022398	0	2	"1,59"	2	1	3
8	2013	800022398	0	2	"1,70"	2	1	4
8	2014	800022398	0	2	"1,67"	2	2	5
9	2010	800023622	1	2	"2,09"	2	1	1
9	2011	800023622	1	2	"2,82"	2	1	2
9	2012	800023622	1	2	"2,70"	2	1	3
9	2013	800023622	1	2	"3,07"	1	1	4
9	2014	800023622	1	2	"3,18"	1	2	5
10	2010	800027121	1	4	"5,73"	1	2	1
10	2011	800027121	1	4	"4,34"	1	1	2
10	2012	800027121	1	4	"4,90"	1	2	3
10	2013	800027121	1	4	"5,99"	1	1	4
10	2014	800027121	1	4	"2,00"	2	3	5
11	2010	800027293	1	6	"2,49"	2	1	1
11	2011	800027293	1	6	"2,83"	2	2	2
11	2012	800027293	1	6	"3,04"	1	3	3
11	2013	800027293	1	6	"2,80"	2	2	4
11	2014	800027293	1	6	"3,02"	1	2	5
12	2010	800031674	0	1	"2,68"	2	1	1
12	2011	800031674	0	1	"2,86"	2	2	2
12	2012	800031674	0	1	"0,95"	3	2	3
12	2013	800031674	0	1	"1,05"	3	2	4
12	2014	800031674	0	1	"1,09"	3	2	5
13	2010	800032846	0	5	"2,10"	2	2	1
13	2011	800032846	0	5	"2,02"	2	1	2
13	2012	800032846	0	5	"1,94"	2	2	3
13	2013	800032846	0	5	"1,96"	2	1	4
13	2014	800032846	0	5	"2,38"	2	1	5
14	2010	800037978	0	12	"6,85"	1	1	1
14	2011	800037978	0	12	"7,29"	1	1	2
14	2012	800037978	0	12	"4,43"	1	1	3
14	2013	800037978	0	12	"7,10"	1	2	4
14	2014	800037978	0	12	"6,39"	1	1	5
15	2010	800039663	1	8	"2,80"	2	2	1
15	2011	800039663	1	8	"3,35"	1	2	2
15	2012	800039663	1	8	"2,62"	2	2	3
15	2013	800039663	1	8	"2,94"	1	1	4
15	2014	800039663	1	8	"2,71"	2	2	5
16	2010	800039849	0	2	"3,25"	1	2	1
16	2011	800039849	0	2	"3,75"	1	1	2
16	2012	800039849	0	2	"6,11"	1	3	3
16	2013	800039849	0	2	"6,08"	1	1	4
16	2014	800039849	0	2	"3,62"	1	2	5
17	2010	800042779	0	9	"3,44"	1	2	1
17	2011	800042779	0	9	"2,97"	1	2	2
17	2012	800042779	0	9	"2,58"	2	2	3
17	2013	800042779	0	9	"2,28"	2	2	4
17	2014	800042779	0	9	"1,23"	3	1	5
18	2010	800043278	1	9	"5,31"	1	2	1
18	2011	800043278	1	9	"5,46"	1	4	2
18	2012	800043278	1	9	"6,19"	1	2	3
18	2013	800043278	1	9	"4,76"	1	2	4
18	2014	800043278	1	9	"4,57"	1	2	5
19	2010	800053055	1	6	"2,73"	2	1	1
19	2011	800053055	1	6	"3,47"	1	2	2
19	2012	800053055	1	6	"2,71"	2	3	3
19	2013	800053055	1	6	"2,89"	2	1	4
19	2014	800053055	1	6	"3,69"	1	2	5
20	2010	800058580	0	6	"4,54"	1	1	1
20	2011	800058580	0	6	"4,38"	1	1	2
20	2012	800058580	0	6	"4,08"	1	2	3
20	2013	800058580	0	6	"1,60"	2	2	4
20	2014	800058580	0	6	"1,61"	2	2	5
21	2010	800070771	0	11	"2,45"	2	1	1
21	2011	800070771	0	11	"2,50"	2	1	2
21	2012	800070771	0	11	"3,03"	1	2	3
21	2013	800070771	0	11	"3,09"	1	4	4
21	2014	800070771	0	11	"3,07"	1	3	5
22	2010	800090281	1	4	"6,46"	1	1	1
22	2011	800090281	1	4	"4,10"	1	2	2
22	2012	800090281	1	4	"2,56"	2	1	3
22	2013	800090281	1	4	"6,89"	1	2	4
22	2014	800090281	1	4	"7,23"	1	2	5
23	2010	800090890	1	8	"3,65"	1	2	1
23	2011	800090890	1	8	"3,59"	1	3	2
23	2012	800090890	1	8	"4,25"	1	2	3
23	2013	800090890	1	8	"4,92"	1	2	4
23	2014	800090890	1	8	"4,45"	1	1	5
24	2010	800091691	1	6	"2,76"	2	2	1
24	2011	800091691	1	6	"2,66"	2	2	2
24	2012	800091691	1	6	"2,76"	2	2	3
24	2013	800091691	1	6	"2,68"	2	2	4
24	2014	800091691	1	6	"2,59"	2	2	5
25	2010	800091693	1	6	"2,88"	2	2	1
25	2011	800091693	1	6	"3,07"	1	1	2
25	2012	800091693	1	6	"2,86"	2	1	3
25	2013	800091693	1	6	"2,06"	2	2	4
25	2014	800091693	1	6	"2,23"	2	2	5
26	2010	800093296	0	6	"2,57"	2	3	1
26	2011	800093296	0	6	"2,12"	2	1	2
26	2012	800093296	0	6	"2,45"	2	2	3
26	2013	800093296	0	6	"2,45"	2	1	4
26	2014	800093296	0	6	"3,86"	1	2	5
27	2010	800099480	0	2	"2,14"	2	2	1
27	2011	800099480	0	2	"2,01"	2	2	2
27	2012	800099480	0	2	"2,43"	2	2	3
27	2013	800099480	0	2	"2,69"	2	2	4
27	2014	800099480	0	2	"2,64"	2	1	5
28	2010	800108054	1	5	"1,91"	2	2	1
28	2011	800108054	1	5	"1,68"	2	1	2
28	2012	800108054	1	5	"1,26"	2	1	3
28	2013	800108054	1	5	"1,46"	2	2	4
28	2014	800108054	1	5	"1,26"	2	1	5
29	2010	800109363	1	5	"1,79"	2	2	1
29	2011	800109363	1	5	"1,46"	2	1	2
29	2012	800109363	1	5	"1,42"	2	1	3
29	2013	800109363	1	5	"1,46"	2	1	4
29	2014	800109363	1	5	"1,63"	2	2	5
30	2010	800114294	1	10	"2,00"	2	1	1
30	2011	800114294	1	10	"2,26"	2	2	2
30	2012	800114294	1	10	"2,20"	2	2	3
30	2013	800114294	1	10	"1,73"	2	1	4
30	2014	800114294	1	10	"2,28"	2	2	5
31	2010	800118446	1	6	"3,35"	1	1	1
31	2011	800118446	1	6	"2,62"	2	2	2
31	2012	800118446	1	6	"2,89"	2	2	3
31	2013	800118446	1	6	"3,37"	1	1	4
31	2014	800118446	1	6	"2,78"	2	1	5
32	2010	800119632	0	5	"2,07"	2	1	1
32	2011	800119632	0	5	"2,64"	2	2	2
32	2012	800119632	0	5	"2,12"	2	1	3
32	2013	800119632	0	5	"2,11"	2	1	4
32	2014	800119632	0	5	"2,41"	2	2	5
33	2010	800131742	0	3	"1,69"	2	1	1
33	2011	800131742	0	3	"1,98"	2	3	2
33	2012	800131742	0	3	"1,76"	2	2	3
33	2013	800131742	0	3	"1,59"	2	3	4
33	2014	800131742	0	3	"1,43"	2	2	5
34	2010	800142181	1	5	"1,56"	2	2	1
34	2011	800142181	1	5	"1,05"	3	3	2
34	2012	800142181	1	5	"1,08"	3	1	3
34	2013	800142181	1	5	"1,15"	3	2	4
34	2014	800142181	1	5	"1,12"	3	1	5
35	2010	800142500	0	1	"2,38"	2	2	1
35	2011	800142500	0	1	"1,63"	2	1	2
35	2012	800142500	0	1	"1,00"	3	1	3
35	2013	800142500	0	1	"1,68"	2	1	4
35	2014	800142500	0	1	"1,40"	2	1	5
36	2010	800142787	1	12	"1,81"	2	2	1
36	2011	800142787	1	12	"2,63"	2	1	2
36	2012	800142787	1	12	"1,46"	2	1	3
36	2013	800142787	1	12	"0,50"	3	2	4
36	2014	800142787	1	12	"-0,66"	3	2	5
37	2010	800144959	0	5	"1,76"	2	1	1
37	2011	800144959	0	5	"1,89"	2	2	2
37	2012	800144959	0	5	"2,13"	2	1	3
37	2013	800144959	0	5	"1,85"	2	1	4
37	2014	800144959	0	5	"2,29"	2	1	5
38	2010	800147565	1	6	"3,19"	1	1	1
38	2011	800147565	1	6	"1,51"	2	1	2
38	2012	800147565	1	6	"1,59"	2	1	3
38	2013	800147565	1	6	"3,46"	1	2	4
38	2014	800147565	1	6	"4,29"	1	1	5
39	2010	800152266	0	6	"4,17"	1	1	1
39	2011	800152266	0	6	"4,65"	1	2	2
39	2012	800152266	0	6	"4,99"	1	1	3
39	2013	800152266	0	6	"5,72"	1	2	4
39	2014	800152266	0	6	"5,45"	1	2	5
40	2010	800152533	1	6	"4,61"	1	2	1
40	2011	800152533	1	6	"2,33"	2	1	2
40	2012	800152533	1	6	"1,80"	2	3	3
40	2013	800152533	1	6	"1,86"	2	2	4
40	2014	800152533	1	6	"1,98"	2	1	5
41	2010	800153897	1	5	"1,41"	2	2	1
41	2011	800153897	1	5	"1,88"	2	1	2
41	2012	800153897	1	5	"1,42"	2	1	3
41	2013	800153897	1	5	"1,46"	2	1	4
41	2014	800153897	1	5	"1,05"	3	4	5
42	2010	800157930	1	6	"2,44"	2	2	1
42	2011	800157930	1	6	"1,95"	2	2	2
42	2012	800157930	1	6	"1,85"	2	2	3
42	2013	800157930	1	6	"2,02"	2	3	4
42	2014	800157930	1	6	"1,85"	2	2	5
43	2010	800158941	1	1	"2,89"	2	1	1
43	2011	800158941	1	1	"2,45"	2	2	2
43	2012	800158941	1	1	"2,76"	2	2	3
43	2013	800158941	1	1	"3,14"	1	2	4
43	2014	800158941	1	1	"4,41"	1	2	5
44	2010	800160435	0	2	"4,27"	1	2	1
44	2011	800160435	0	2	"4,10"	1	1	2
44	2012	800160435	0	2	"3,81"	1	1	3
44	2013	800160435	0	2	"4,09"	1	3	4
44	2014	800160435	0	2	"3,73"	1	1	5
45	2010	800171809	1	12	"3,21"	1	2	1
45	2011	800171809	1	12	"3,87"	1	2	2
45	2012	800171809	1	12	"4,17"	1	1	3
45	2013	800171809	1	12	"4,11"	1	2	4
45	2014	800171809	1	12	"3,35"	1	1	5
46	2010	800173886	1	3	"1,18"	3	2	1
46	2011	800173886	1	3	"1,20"	3	1	2
46	2012	800173886	1	3	"1,34"	2	2	3
46	2013	800173886	1	3	"1,91"	2	2	4
46	2014	800173886	1	3	"1,72"	2	1	5
47	2010	800183644	0	8	"5,15"	1	1	1
47	2011	800183644	0	8	"5,05"	1	3	2
47	2012	800183644	0	8	"5,18"	1	2	3
47	2013	800183644	0	8	"5,26"	1	2	4
47	2014	800183644	0	8	"5,35"	1	2	5
48	2010	800186295	1	8	"1,39"	2	2	1
48	2011	800186295	1	8	"0,85"	3	2	2
48	2012	800186295	1	8	"-0,14"	3	1	3
48	2013	800186295	1	8	"3,01"	1	1	4
48	2014	800186295	1	8	"3,24"	1	1	5
49	2010	800189184	1	7	"-0,16"	3	1	1
49	2011	800189184	1	7	"0,82"	3	1	2
49	2012	800189184	1	7	"0,82"	3	1	3
49	2013	800189184	1	7	"1,08"	3	2	4
49	2014	800189184	1	7	"0,88"	3	2	5
50	2010	800192049	1	1	"1,63"	2	2	1
50	2011	800192049	1	1	"1,75"	2	2	2
50	2012	800192049	1	1	"1,95"	2	2	3
50	2013	800192049	1	1	"1,86"	2	1	4
50	2014	800192049	1	1	"1,45"	2	2	5
51	2010	800198575	0	3	"2,19"	2	2	1
51	2011	800198575	0	3	"1,73"	2	2	2
51	2012	800198575	0	3	"2,27"	2	1	3
51	2013	800198575	0	3	"2,14"	2	2	4
51	2014	800198575	0	3	"2,12"	2	2	5
52	2010	800200243	0	12	"2,64"	2	1	1
52	2011	800200243	0	12	"2,38"	2	2	2
52	2012	800200243	0	12	"2,80"	2	2	3
52	2013	800200243	0	12	"2,17"	2	1	4
52	2014	800200243	0	12	"2,44"	2	1	5
53	2010	800203463	1	9	"4,12"	1	2	1
53	2011	800203463	1	9	"3,54"	1	1	2
53	2012	800203463	1	9	"3,28"	1	1	3
53	2013	800203463	1	9	"4,18"	1	1	4
53	2014	800203463	1	9	"6,03"	1	2	5
54	2010	800207760	1	9	"4,93"	1	2	1
54	2011	800207760	1	9	"4,78"	1	2	2
54	2012	800207760	1	9	"5,08"	1	1	3
54	2013	800207760	1	9	"5,52"	1	2	4
54	2014	800207760	1	9	"5,03"	1	1	5
55	2010	800222689	1	11	"2,43"	2	1	1
55	2011	800222689	1	11	"2,20"	2	1	2
55	2012	800222689	1	11	"1,98"	2	1	3
55	2013	800222689	1	11	"2,39"	2	2	4
55	2014	800222689	1	11	"2,99"	1	1	5
56	2010	800229063	0	12	"4,90"	1	1	1
56	2011	800229063	0	12	"5,18"	1	1	2
56	2012	800229063	0	12	"5,68"	1	2	3
56	2013	800229063	0	12	"5,11"	1	2	4
56	2014	800229063	0	12	"5,26"	1	1	5
57	2010	800229445	0	4	"2,85"	2	1	1
57	2011	800229445	0	4	"2,66"	2	2	2
57	2012	800229445	0	4	"1,90"	2	1	3
57	2013	800229445	0	4	"2,66"	2	1	4
57	2014	800229445	0	4	"0,72"	3	2	5
58	2010	800232377	1	2	"1,47"	2	2	1
58	2011	800232377	1	2	"1,37"	2	3	2
58	2012	800232377	1	2	"1,17"	3	2	3
58	2013	800232377	1	2	"0,89"	3	2	4
58	2014	800232377	1	2	"1,11"	3	1	5
59	2010	800237269	0	11	"2,75"	2	2	1
59	2011	800237269	0	11	"2,97"	1	1	2
59	2012	800237269	0	11	"2,32"	2	2	3
59	2013	800237269	0	11	"2,83"	2	1	4
59	2014	800237269	0	11	"2,97"	1	2	5
60	2010	800242813	0	10	"2,81"	2	1	1
60	2011	800242813	0	10	"1,65"	2	2	2
60	2012	800242813	0	10	"1,84"	2	1	3
60	2013	800242813	0	10	"1,82"	2	1	4
60	2014	800242813	0	10	"1,96"	2	1	5
61	2010	800245275	0	5	"1,42"	2	1	1
61	2011	800245275	0	5	"1,11"	3	2	2
61	2012	800245275	0	5	"1,08"	3	2	3
61	2013	800245275	0	5	"1,08"	3	1	4
61	2014	800245275	0	5	"1,03"	3	1	5
62	2010	800250820	0	7	"4,86"	1	2	1
62	2011	800250820	0	7	"4,60"	1	2	2
62	2012	800250820	0	7	"4,54"	1	1	3
62	2013	800250820	0	7	"4,59"	1	1	4
62	2014	800250820	0	7	"4,23"	1	2	5
63	2010	811000449	0	1	"1,70"	2	2	1
63	2011	811000449	0	1	"1,22"	3	2	2
63	2012	811000449	0	1	"1,14"	3	2	3
63	2013	811000449	0	1	"0,74"	3	1	4
63	2014	811000449	0	1	"1,40"	2	2	5
64	2010	811001188	0	8	"2,46"	2	2	1
64	2011	811001188	0	8	"1,55"	2	2	2
64	2012	811001188	0	8	"0,18"	3	1	3
64	2013	811001188	0	8	"1,58"	2	2	4
64	2014	811001188	0	8	"1,97"	2	1	5
65	2010	811003064	1	8	"2,57"	2	2	1
65	2011	811003064	1	8	"3,31"	1	2	2
65	2012	811003064	1	8	"5,21"	1	2	3
65	2013	811003064	1	8	"5,96"	1	1	4
65	2014	811003064	1	8	"5,60"	1	1	5
66	2010	811003910	0	1	"7,64"	1	1	1
66	2011	811003910	0	1	"-1,88"	3	2	2
66	2012	811003910	0	1	"0,72"	3	1	3
66	2013	811003910	0	1	"0,57"	3	2	4
66	2014	811003910	0	1	"0,57"	3	2	5
67	2010	811003913	0	6	"2,67"	2	1	1
67	2011	811003913	0	6	"2,80"	2	1	2
67	2012	811003913	0	6	"2,97"	1	1	3
67	2013	811003913	0	6	"2,45"	2	3	4
67	2014	811003913	0	6	"2,46"	2	1	5
68	2010	811004550	0	12	"3,38"	1	1	1
68	2011	811004550	0	12	"3,04"	1	2	2
68	2012	811004550	0	12	"2,97"	1	1	3
68	2013	811004550	0	12	"2,30"	2	1	4
68	2014	811004550	0	12	"2,23"	2	2	5
69	2010	811006300	0	12	"5,62"	1	3	1
69	2011	811006300	0	12	"4,54"	1	2	2
69	2012	811006300	0	12	"4,67"	1	2	3
69	2013	811006300	0	12	"4,79"	1	1	4
69	2014	811006300	0	12	"4,57"	1	1	5
70	2010	811006358	0	12	"2,55"	2	2	1
70	2011	811006358	0	12	"2,10"	2	2	2
70	2012	811006358	0	12	"2,29"	2	1	3
70	2013	811006358	0	12	"2,04"	2	2	4
70	2014	811006358	0	12	"1,85"	2	1	5
71	2010	811007204	0	9	"3,72"	1	2	1
71	2011	811007204	0	9	"3,26"	1	1	2
71	2012	811007204	0	9	"2,75"	2	2	3
71	2013	811007204	0	9	"2,34"	2	2	4
71	2014	811007204	0	9	"2,36"	2	1	5
72	2010	811007871	1	9	"3,70"	1	1	1
72	2011	811007871	1	9	"4,28"	1	1	2
72	2012	811007871	1	9	"4,35"	1	2	3
72	2013	811007871	1	9	"4,51"	1	2	4
72	2014	811007871	1	9	"3,45"	1	2	5
73	2010	811008049	1	3	"0,02"	3	2	1
73	2011	811008049	1	3	"1,56"	2	2	2
73	2012	811008049	1	3	"1,76"	2	2	3
73	2013	811008049	1	3	"1,56"	2	1	4
73	2014	811008049	1	3	"1,74"	2	2	5
74	2010	811008489	0	2	"1,41"	2	1	1
74	2011	811008489	0	2	"1,40"	2	1	2
74	2012	811008489	0	2	"1,82"	2	1	3
74	2013	811008489	0	2	"2,51"	2	2	4
74	2014	811008489	0	2	"4,47"	1	1	5
75	2010	811009359	1	12	"5,16"	1	4	1
75	2011	811009359	1	12	"4,48"	1	2	2
75	2012	811009359	1	12	"4,54"	1	1	3
75	2013	811009359	1	12	"4,97"	1	2	4
75	2014	811009359	1	12	"4,52"	1	1	5
76	2010	811010141	0	2	"2,64"	2	2	1
76	2011	811010141	0	2	"2,34"	2	2	2
76	2012	811010141	0	2	"2,89"	2	1	3
76	2013	811010141	0	2	"3,44"	1	1	4
76	2014	811010141	0	2	"3,83"	1	1	5
77	2010	811010512	0	5	"1,47"	2	2	1
77	2011	811010512	0	5	"1,22"	3	1	2
77	2012	811010512	0	5	"1,13"	3	1	3
77	2013	811010512	0	5	"1,15"	3	2	4
77	2014	811010512	0	5	"1,18"	3	2	5
78	2010	811010872	1	12	"1,34"	2	1	1
78	2011	811010872	1	12	"1,85"	2	2	2
78	2012	811010872	1	12	"2,10"	2	1	3
78	2013	811010872	1	12	"2,63"	2	2	4
78	2014	811010872	1	12	"3,14"	1	1	5
79	2010	811011057	1	5	"1,48"	2	3	1
79	2011	811011057	1	5	"1,42"	2	1	2
79	2012	811011057	1	5	"1,45"	2	1	3
79	2013	811011057	1	5	"1,54"	2	3	4
79	2014	811011057	1	5	"1,75"	2	2	5
80	2010	811011467	1	5	"1,81"	2	1	1
80	2011	811011467	1	5	"1,65"	2	1	2
80	2012	811011467	1	5	"1,46"	2	1	3
80	2013	811011467	1	5	"1,66"	2	1	4
80	2014	811011467	1	5	"1,72"	2	2	5
81	2010	811012316	0	3	"1,55"	2	2	1
81	2011	811012316	0	3	"1,49"	2	1	2
81	2012	811012316	0	3	"0,03"	3	2	3
81	2013	811012316	0	3	"0,78"	3	1	4
81	2014	811012316	0	3	"0,56"	3	1	5
82	2010	811012468	1	5	"1,68"	2	1	1
82	2011	811012468	1	5	"1,46"	2	1	2
82	2012	811012468	1	5	"1,27"	2	1	3
82	2013	811012468	1	5	"1,30"	2	2	4
82	2014	811012468	1	5	"1,39"	2	1	5
83	2010	811013096	1	12	"3,40"	1	2	1
83	2011	811013096	1	12	"4,14"	1	1	2
83	2012	811013096	1	12	"3,76"	1	2	3
83	2013	811013096	1	12	"3,20"	1	1	4
83	2014	811013096	1	12	"3,44"	1	2	5
84	2010	811014281	0	6	"2,70"	2	1	1
84	2011	811014281	0	6	"3,32"	1	3	2
84	2012	811014281	0	6	"3,62"	1	2	3
84	2013	811014281	0	6	"2,38"	2	1	4
84	2014	811014281	0	6	"2,18"	2	2	5
85	2010	811015317	1	2	"3,05"	1	1	1
85	2011	811015317	1	2	"3,14"	1	2	2
85	2012	811015317	1	2	"2,33"	2	1	3
85	2013	811015317	1	2	"2,87"	2	2	4
85	2014	811015317	1	2	"2,84"	2	1	5
86	2010	811015602	1	1	"3,34"	1	1	1
86	2011	811015602	1	1	"3,33"	1	2	2
86	2012	811015602	1	1	"4,16"	1	3	3
86	2013	811015602	1	1	"3,96"	1	1	4
86	2014	811015602	1	1	"4,86"	1	1	5
87	2010	811016211	1	8	"3,59"	1	2	1
87	2011	811016211	1	8	"2,95"	1	2	2
87	2012	811016211	1	8	"2,76"	2	2	3
87	2013	811016211	1	8	"2,67"	2	2	4
87	2014	811016211	1	8	"2,15"	2	2	5
88	2010	811017920	0	7	"2,78"	2	2	1
88	2011	811017920	0	7	"2,77"	2	1	2
88	2012	811017920	0	7	"2,68"	2	2	3
88	2013	811017920	0	7	"2,45"	2	1	4
88	2014	811017920	0	7	"2,30"	2	2	5
89	2010	811018091	1	5	"2,19"	2	2	1
89	2011	811018091	1	5	"1,78"	2	1	2
89	2012	811018091	1	5	"1,64"	2	2	3
89	2013	811018091	1	5	"1,24"	2	1	4
89	2014	811018091	1	5	"0,58"	3	2	5
90	2010	811018094	0	7	"2,94"	1	1	1
90	2011	811018094	0	7	"1,87"	2	2	2
90	2012	811018094	0	7	"2,00"	2	2	3
90	2013	811018094	0	7	"1,71"	2	2	4
90	2014	811018094	0	7	"1,70"	2	1	5
91	2010	811018266	0	5	"1,93"	2	3	1
91	2011	811018266	0	5	"1,77"	2	1	2
91	2012	811018266	0	5	"1,41"	2	1	3
91	2013	811018266	0	5	"1,36"	2	2	4
91	2014	811018266	0	5	"1,37"	2	2	5
92	2010	811018446	0	2	"3,90"	1	2	1
92	2011	811018446	0	2	"2,35"	2	2	2
92	2012	811018446	0	2	"2,98"	1	2	3
92	2013	811018446	0	2	"1,91"	2	1	4
92	2014	811018446	0	2	"2,60"	2	1	5
93	2010	811018494	1	2	"1,79"	2	1	1
93	2011	811018494	1	2	"1,62"	2	1	2
93	2012	811018494	1	2	"1,72"	2	2	3
93	2013	811018494	1	2	"2,18"	2	2	4
93	2014	811018494	1	2	"2,62"	2	2	5
94	2010	811018869	1	7	"1,62"	2	2	1
94	2011	811018869	1	7	"1,49"	2	1	2
94	2012	811018869	1	7	"1,43"	2	2	3
94	2013	811018869	1	7	"2,02"	2	2	4
94	2014	811018869	1	7	"2,08"	2	1	5
95	2010	811020107	1	2	"1,57"	2	2	1
95	2011	811020107	1	2	"2,55"	2	1	2
95	2012	811020107	1	2	"3,08"	1	2	3
95	2013	811020107	1	2	"3,23"	1	2	4
95	2014	811020107	1	2	"3,77"	1	1	5
96	2010	811020958	0	3	"-2,50"	3	2	1
96	2011	811020958	0	3	"-0,36"	3	2	2
96	2012	811020958	0	3	"2,48"	2	1	3
96	2013	811020958	0	3	"3,49"	1	1	4
96	2014	811020958	0	3	"2,04"	2	1	5
97	2010	811021189	1	6	"2,88"	2	2	1
97	2011	811021189	1	6	"3,31"	1	1	2
97	2012	811021189	1	6	"3,54"	1	2	3
97	2013	811021189	1	6	"3,38"	1	2	4
97	2014	811021189	1	6	"3,61"	1	2	5
98	2010	811022715	1	8	"2,91"	1	2	1
98	2011	811022715	1	8	"2,73"	2	3	2
98	2012	811022715	1	8	"2,69"	2	2	3
98	2013	811022715	1	8	"2,26"	2	1	4
98	2014	811022715	1	8	"2,72"	2	2	5
99	2010	811022882	0	12	"2,64"	2	1	1
99	2011	811022882	0	12	"2,74"	2	2	2
99	2012	811022882	0	12	"2,81"	2	2	3
99	2013	811022882	0	12	"4,54"	1	1	4
99	2014	811022882	0	12	"3,28"	1	1	5
100	2010	811023222	0	2	"2,43"	2	1	1
100	2011	811023222	0	2	"2,84"	2	1	2
100	2012	811023222	0	2	"2,04"	2	2	3
100	2013	811023222	0	2	"1,68"	2	2	4
100	2014	811023222	0	2	"1,50"	2	1	5
101	2010	811023657	1	6	"2,58"	2	2	1
101	2011	811023657	1	6	"2,13"	2	1	2
101	2012	811023657	1	6	"2,45"	2	1	3
101	2013	811023657	1	6	"2,27"	2	1	4
101	2014	811023657	1	6	"2,06"	2	2	5
102	2010	811023726	1	3	"1,91"	2	3	1
102	2011	811023726	1	3	"2,76"	2	2	2
102	2012	811023726	1	3	"3,32"	1	2	3
102	2013	811023726	1	3	"5,52"	1	1	4
102	2014	811023726	1	3	"5,34"	1	2	5
103	2010	811024238	1	5	"1,48"	2	2	1
103	2011	811024238	1	5	"1,42"	2	2	2
103	2012	811024238	1	5	"1,55"	2	5	3
103	2013	811024238	1	5	"1,74"	2	1	4
103	2014	811024238	1	5	"1,70"	2	1	5
104	2010	811024612	0	2	"2,20"	2	2	1
104	2011	811024612	0	2	"1,79"	2	1	2
104	2012	811024612	0	2	"2,00"	2	1	3
104	2013	811024612	0	2	"2,05"	2	2	4
104	2014	811024612	0	2	"2,24"	2	1	5
105	2010	811024942	1	12	"3,27"	1	2	1
105	2011	811024942	1	12	"3,59"	1	2	2
105	2012	811024942	1	12	"3,77"	1	1	3
105	2013	811024942	1	12	"2,77"	2	2	4
105	2014	811024942	1	12	"3,33"	1	2	5
106	2010	811025199	0	12	"4,92"	1	2	1
106	2011	811025199	0	12	"4,76"	1	1	2
106	2012	811025199	0	12	"5,38"	1	2	3
106	2013	811025199	0	12	"5,72"	1	1	4
106	2014	811025199	0	12	"4,23"	1	2	5
107	2010	811027228	0	9	"2,22"	2	1	1
107	2011	811027228	0	9	"1,79"	2	2	2
107	2012	811027228	0	9	"1,35"	2	2	3
107	2013	811027228	0	9	"1,46"	2	2	4
107	2014	811027228	0	9	"2,01"	2	2	5
108	2010	811027677	1	2	"1,52"	2	2	1
108	2011	811027677	1	2	"1,67"	2	1	2
108	2012	811027677	1	2	"1,92"	2	1	3
108	2013	811027677	1	2	"1,33"	2	2	4
108	2014	811027677	1	2	"1,35"	2	2	5
109	2010	811029486	1	2	"5,36"	1	2	1
109	2011	811029486	1	2	"5,90"	1	1	2
109	2012	811029486	1	2	"3,99"	1	1	3
109	2013	811029486	1	2	"5,03"	1	1	4
109	2014	811029486	1	2	"5,54"	1	2	5
110	2010	811029525	1	9	"5,38"	1	2	1
110	2011	811029525	1	9	"5,05"	1	1	2
110	2012	811029525	1	9	"4,61"	1	2	3
110	2013	811029525	1	9	"4,12"	1	1	4
110	2014	811029525	1	9	"3,43"	1	1	5
111	2010	811029868	1	3	"0,93"	3	2	1
111	2011	811029868	1	3	"1,66"	2	1	2
111	2012	811029868	1	3	"1,12"	3	1	3
111	2013	811029868	1	3	"1,19"	3	2	4
111	2014	811029868	1	3	"2,79"	2	1	5
112	2010	811030158	1	3	"1,80"	2	1	1
112	2011	811030158	1	3	"1,61"	2	1	2
112	2012	811030158	1	3	"1,69"	2	2	3
112	2013	811030158	1	3	"1,63"	2	1	4
112	2014	811030158	1	3	"2,16"	2	2	5
113	2010	811030318	0	4	"5,82"	1	2	1
113	2011	811030318	0	4	"5,53"	1	2	2
113	2012	811030318	0	4	"5,21"	1	2	3
113	2013	811030318	0	4	"6,12"	1	2	4
113	2014	811030318	0	4	"7,76"	1	3	5
114	2010	811032189	0	9	"6,81"	1	2	1
114	2011	811032189	0	9	"4,81"	1	2	2
114	2012	811032189	0	9	"5,56"	1	1	3
114	2013	811032189	0	9	"4,66"	1	1	4
114	2014	811032189	0	9	"5,10"	1	2	5
115	2010	811032606	0	5	"2,26"	2	2	1
115	2011	811032606	0	5	"8,70"	1	2	2
115	2012	811032606	0	5	"6,73"	1	2	3
115	2013	811032606	0	5	"5,55"	1	1	4
115	2014	811032606	0	5	"4,14"	1	2	5
116	2010	811032708	1	5	"1,57"	2	2	1
116	2011	811032708	1	5	"1,31"	2	1	2
116	2012	811032708	1	5	"1,60"	2	2	3
116	2013	811032708	1	5	"1,75"	2	2	4
116	2014	811032708	1	5	"1,92"	2	2	5
117	2010	811032854	1	12	"4,55"	1	2	1
117	2011	811032854	1	12	"4,06"	1	1	2
117	2012	811032854	1	12	"3,18"	1	1	3
117	2013	811032854	1	12	"3,24"	1	2	4
117	2014	811032854	1	12	"3,23"	1	2	5
118	2010	811034178	0	7	"1,86"	2	2	1
118	2011	811034178	0	7	"1,88"	2	2	2
118	2012	811034178	0	7	"1,82"	2	1	3
118	2013	811034178	0	7	"2,42"	2	2	4
118	2014	811034178	0	7	"2,96"	1	1	5
119	2010	811034308	0	6	"2,92"	1	1	1
119	2011	811034308	0	6	"2,66"	2	1	2
119	2012	811034308	0	6	"2,00"	2	2	3
119	2013	811034308	0	6	"2,03"	2	2	4
119	2014	811034308	0	6	"2,23"	2	2	5
120	2010	811035023	0	4	"3,23"	1	2	1
120	2011	811035023	0	4	"2,45"	2	1	2
120	2012	811035023	0	4	"2,40"	2	2	3
120	2013	811035023	0	4	"2,42"	2	1	4
120	2014	811035023	0	4	"2,74"	2	2	5
121	2010	811035034	0	4	"2,42"	2	2	1
121	2011	811035034	0	4	"2,12"	2	1	2
121	2012	811035034	0	4	"2,09"	2	1	3
121	2013	811035034	0	4	"2,73"	2	1	4
121	2014	811035034	0	4	"2,68"	2	2	5
122	2010	811035164	0	5	"1,13"	3	1	1
122	2011	811035164	0	5	"1,22"	3	1	2
122	2012	811035164	0	5	"1,16"	3	1	3
122	2013	811035164	0	5	"1,27"	2	2	4
122	2014	811035164	0	5	"1,45"	2	2	5
123	2010	811035939	1	2	"1,93"	2	1	1
123	2011	811035939	1	2	"1,36"	2	3	2
123	2012	811035939	1	2	"1,39"	2	2	3
123	2013	811035939	1	2	"1,33"	2	1	4
123	2014	811035939	1	2	"1,07"	3	1	5
124	2010	811036701	0	5	"1,56"	2	2	1
124	2011	811036701	0	5	"1,25"	2	1	2
124	2012	811036701	0	5	"1,26"	2	1	3
124	2013	811036701	0	5	"1,27"	2	1	4
124	2014	811036701	0	5	"1,21"	3	3	5
125	2010	811036982	0	8	"2,10"	2	2	1
125	2011	811036982	0	8	"2,02"	2	1	2
125	2012	811036982	0	8	"1,94"	2	2	3
125	2013	811036982	0	8	"1,95"	2	1	4
125	2014	811036982	0	8	"2,08"	2	1	5
126	2010	811037852	0	11	"3,80"	1	3	1
126	2011	811037852	0	11	"3,62"	1	1	2
126	2012	811037852	0	11	"3,54"	1	2	3
126	2013	811037852	0	11	"2,67"	2	1	4
126	2014	811037852	0	11	"3,11"	1	2	5
127	2010	811038729	0	3	"1,26"	2	1	1
127	2011	811038729	0	3	"1,43"	2	2	2
127	2012	811038729	0	3	"1,13"	3	1	3
127	2013	811038729	0	3	"0,89"	3	1	4
127	2014	811038729	0	3	"0,72"	3	1	5
128	2010	811038754	0	1	"1,51"	2	1	1
128	2011	811038754	0	1	"1,58"	2	1	2
128	2012	811038754	0	1	"1,91"	2	1	3
128	2013	811038754	0	1	"1,89"	2	1	4
128	2014	811038754	0	1	"1,85"	2	2	5
129	2010	811038838	1	6	"2,94"	1	1	1
129	2011	811038838	1	6	"2,63"	2	2	2
129	2012	811038838	1	6	"2,58"	2	1	3
129	2013	811038838	1	6	"2,60"	2	2	4
129	2014	811038838	1	6	"2,17"	2	1	5
130	2010	811039023	1	3	"1,92"	2	3	1
130	2011	811039023	1	3	"1,98"	2	1	2
130	2012	811039023	1	3	"1,91"	2	2	3
130	2013	811039023	1	3	"1,96"	2	2	4
130	2014	811039023	1	3	"1,99"	2	2	5
131	2010	811039238	0	4	"5,19"	1	2	1
131	2011	811039238	0	4	"5,67"	1	1	2
131	2012	811039238	0	4	"6,00"	1	1	3
131	2013	811039238	0	4	"3,40"	1	1	4
131	2014	811039238	0	4	"2,06"	2	1	5
132	2010	811039689	0	4	"2,80"	2	2	1
132	2011	811039689	0	4	"2,43"	2	3	2
132	2012	811039689	0	4	"1,71"	2	1	3
132	2013	811039689	0	4	"2,25"	2	1	4
132	2014	811039689	0	4	"2,32"	2	2	5
133	2010	811039709	1	5	"1,77"	2	2	1
133	2011	811039709	1	5	"1,55"	2	2	2
133	2012	811039709	1	5	"1,62"	2	2	3
133	2013	811039709	1	5	"1,54"	2	2	4
133	2014	811039709	1	5	"1,09"	3	2	5
134	2010	811041074	1	9	"2,40"	2	1	1
134	2011	811041074	1	9	"2,43"	2	1	2
134	2012	811041074	1	9	"2,40"	2	1	3
134	2013	811041074	1	9	"2,18"	2	2	4
134	2014	811041074	1	9	"2,54"	2	2	5
135	2010	811041118	1	5	"1,13"	3	1	1
135	2011	811041118	1	5	"1,21"	3	2	2
135	2012	811041118	1	5	"1,65"	2	1	3
135	2013	811041118	1	5	"1,67"	2	2	4
135	2014	811041118	1	5	"2,21"	2	1	5
136	2010	811043583	0	3	"0,89"	3	1	1
136	2011	811043583	0	3	"0,87"	3	1	2
136	2012	811043583	0	3	"0,83"	3	2	3
136	2013	811043583	0	3	"0,69"	3	1	4
136	2014	811043583	0	3	"0,16"	3	3	5
137	2010	811045043	1	5	"1,90"	2	2	1
137	2011	811045043	1	5	"1,61"	2	2	2
137	2012	811045043	1	5	"1,54"	2	2	3
137	2013	811045043	1	5	"1,64"	2	2	4
137	2014	811045043	1	5	"1,65"	2	2	5
138	2010	811045711	1	11	"3,52"	1	1	1
138	2011	811045711	1	11	"4,28"	1	2	2
138	2012	811045711	1	11	"3,51"	1	1	3
138	2013	811045711	1	11	"3,65"	1	1	4
138	2014	811045711	1	11	"3,01"	1	2	5
139	2010	811045791	0	5	"1,95"	2	1	1
139	2011	811045791	0	5	"1,79"	2	2	2
139	2012	811045791	0	5	"1,82"	2	2	3
139	2013	811045791	0	5	"2,03"	2	2	4
139	2014	811045791	0	5	"2,37"	2	2	5
140	2010	811045889	0	8	"3,46"	1	1	1
140	2011	811045889	0	8	"3,58"	1	2	2
140	2012	811045889	0	8	"3,64"	1	2	3
140	2013	811045889	0	8	"4,86"	1	2	4
140	2014	811045889	0	8	"5,87"	1	2	5
141	2010	811046177	0	12	"2,30"	2	2	1
141	2011	811046177	0	12	"1,92"	2	2	2
141	2012	811046177	0	12	"2,03"	2	2	3
141	2013	811046177	0	12	"2,17"	2	1	4
141	2014	811046177	0	12	"2,43"	2	2	5
142	2010	830136939	1	2	"1,50"	2	1	1
142	2011	830136939	1	2	"1,90"	2	1	2
142	2012	830136939	1	2	"2,55"	2	1	3
142	2013	830136939	1	2	"2,77"	2	2	4
142	2014	830136939	1	2	"2,56"	2	2	5
143	2010	830511795	0	12	"1,80"	2	1	1
143	2011	830511795	0	12	"2,80"	2	1	2
143	2012	830511795	0	12	"4,07"	1	2	3
143	2013	830511795	0	12	"8,91"	1	2	4
143	2014	830511795	0	12	"7,38"	1	2	5
144	2010	832000868	0	3	"1,75"	2	3	1
144	2011	832000868	0	3	"2,67"	2	2	2
144	2012	832000868	0	3	"2,85"	2	1	3
144	2013	832000868	0	3	"2,76"	2	1	4
144	2014	832000868	0	3	"4,03"	1	1	5
145	2010	860032030	0	4	"5,37"	1	2	1
145	2011	860032030	0	4	"4,32"	1	2	2
145	2012	860032030	0	4	"4,99"	1	2	3
145	2013	860032030	0	4	"3,65"	1	1	4
145	2014	860032030	0	4	"2,93"	1	1	5
146	2010	860075824	1	6	"4,80"	1	1	1
146	2011	860075824	1	6	"2,09"	2	1	2
146	2012	860075824	1	6	"1,76"	2	2	3
146	2013	860075824	1	6	"1,51"	2	1	4
146	2014	860075824	1	6	"1,57"	2	3	5
147	2010	890901133	0	12	"0,99"	3	2	1
147	2011	890901133	0	12	"-0,03"	3	2	2
147	2012	890901133	0	12	"-0,12"	3	1	3
147	2013	890901133	0	12	"-0,28"	3	1	4
147	2014	890901133	0	12	"-0,20"	3	2	5
148	2010	890901756	1	5	"2,22"	2	1	1
148	2011	890901756	1	5	"1,64"	2	1	2
148	2012	890901756	1	5	"1,41"	2	2	3
148	2013	890901756	1	5	"1,47"	2	1	4
148	2014	890901756	1	5	"1,64"	2	1	5
149	2010	890902566	0	12	"3,96"	1	1	1
149	2011	890902566	0	12	"4,67"	1	1	2
149	2012	890902566	0	12	"4,42"	1	1	3
149	2013	890902566	0	12	"4,86"	1	1	4
149	2014	890902566	0	12	"5,39"	1	2	5
150	2010	890902584	0	11	"3,00"	1	2	1
150	2011	890902584	0	11	"2,99"	1	1	2
150	2012	890902584	0	11	"3,23"	1	2	3
150	2013	890902584	0	11	"3,39"	1	2	4
150	2014	890902584	0	11	"3,45"	1	2	5
151	2010	890903253	0	12	"2,59"	2	1	1
151	2011	890903253	0	12	"2,20"	2	2	2
151	2012	890903253	0	12	"2,60"	2	2	3
151	2013	890903253	0	12	"5,05"	1	1	4
151	2014	890903253	0	12	"3,15"	1	1	5
152	2010	890904475	1	3	"1,88"	2	2	1
152	2011	890904475	1	3	"1,57"	2	1	2
152	2012	890904475	1	3	"1,50"	2	2	3
152	2013	890904475	1	3	"1,76"	2	2	4
152	2014	890904475	1	3	"3,44"	1	2	5
153	2010	890907245	0	8	"3,12"	1	1	1
153	2011	890907245	0	8	"3,81"	1	1	2
153	2012	890907245	0	8	"3,61"	1	2	3
153	2013	890907245	0	8	"3,60"	1	2	4
153	2014	890907245	0	8	"3,79"	1	2	5
154	2010	890908021	0	10	"1,64"	2	1	1
154	2011	890908021	0	10	"1,54"	2	2	2
154	2012	890908021	0	10	"1,52"	2	1	3
154	2013	890908021	0	10	"4,43"	1	2	4
154	2014	890908021	0	10	"4,31"	1	2	5
155	2010	890908822	1	12	"2,52"	2	2	1
155	2011	890908822	1	12	"2,15"	2	2	2
155	2012	890908822	1	12	"3,13"	1	1	3
155	2013	890908822	1	12	"3,35"	1	1	4
155	2014	890908822	1	12	"2,71"	2	2	5
156	2010	890908943	0	4	"2,63"	2	1	1
156	2011	890908943	0	4	"2,60"	2	1	2
156	2012	890908943	0	4	"2,05"	2	2	3
156	2013	890908943	0	4	"2,49"	2	1	4
156	2014	890908943	0	4	"2,85"	2	1	5
157	2010	890911123	0	4	"7,55"	1	2	1
157	2011	890911123	0	4	"6,06"	1	1	2
157	2012	890911123	0	4	"5,58"	1	2	3
157	2013	890911123	0	4	"4,77"	1	3	4
157	2014	890911123	0	4	"3,86"	1	2	5
158	2010	890911545	1	4	"4,62"	1	2	1
158	2011	890911545	1	4	"4,34"	1	1	2
158	2012	890911545	1	4	"4,41"	1	1	3
158	2013	890911545	1	4	"3,77"	1	2	4
158	2014	890911545	1	4	"3,00"	1	1	5
159	2010	890916557	0	1	"2,57"	2	2	1
159	2011	890916557	0	1	"2,27"	2	2	2
159	2012	890916557	0	1	"2,08"	2	2	3
159	2013	890916557	0	1	"2,24"	2	2	4
159	2014	890916557	0	1	"3,06"	1	2	5
160	2010	890916602	1	3	"0,84"	3	1	1
160	2011	890916602	1	3	"0,62"	3	2	2
160	2012	890916602	1	3	"0,44"	3	2	3
160	2013	890916602	1	3	"0,23"	3	2	4
160	2014	890916602	1	3	"0,34"	3	1	5
161	2010	890917521	1	3	"2,18"	2	2	1
161	2011	890917521	1	3	"2,89"	2	2	2
161	2012	890917521	1	3	"2,08"	2	2	3
161	2013	890917521	1	3	"2,31"	2	2	4
161	2014	890917521	1	3	"2,22"	2	2	5
162	2010	890917645	1	2	"3,65"	1	2	1
162	2011	890917645	1	2	"3,65"	1	2	2
162	2012	890917645	1	2	"3,65"	1	1	3
162	2013	890917645	1	2	"3,65"	1	2	4
162	2014	890917645	1	2	"3,65"	1	1	5
163	2010	890917734	1	6	"2,72"	2	1	1
163	2011	890917734	1	6	"3,35"	1	2	2
163	2012	890917734	1	6	"3,46"	1	2	3
163	2013	890917734	1	6	"3,12"	1	2	4
163	2014	890917734	1	6	"3,29"	1	2	5
164	2010	890919009	1	4	"9,77"	1	1	1
164	2011	890919009	1	4	"7,09"	1	2	2
164	2012	890919009	1	4	"7,54"	1	1	3
164	2013	890919009	1	4	"3,79"	1	1	4
164	2014	890919009	1	4	"4,19"	1	2	5
165	2010	890919322	1	3	"1,31"	2	1	1
165	2011	890919322	1	3	"1,74"	2	1	2
165	2012	890919322	1	3	"1,51"	2	1	3
165	2013	890919322	1	3	"1,44"	2	1	4
165	2014	890919322	1	3	"2,65"	2	1	5
166	2010	890920001	1	9	"5,48"	1	1	1
166	2011	890920001	1	9	"5,78"	1	1	2
166	2012	890920001	1	9	"5,33"	1	2	3
166	2013	890920001	1	9	"5,36"	1	1	4
166	2014	890920001	1	9	"5,16"	1	1	5
167	2010	890920101	0	12	"5,01"	1	3	1
167	2011	890920101	0	12	"5,88"	1	2	2
167	2012	890920101	0	12	"6,18"	1	2	3
167	2013	890920101	0	12	"5,34"	1	1	4
167	2014	890920101	0	12	"5,12"	1	2	5
168	2010	890920468	0	6	"2,39"	2	1	1
168	2011	890920468	0	6	"2,06"	2	2	2
168	2012	890920468	0	6	"2,11"	2	2	3
168	2013	890920468	0	6	"1,74"	2	3	4
168	2014	890920468	0	6	"1,83"	2	1	5
169	2010	890920879	0	7	"4,75"	1	1	1
169	2011	890920879	0	7	"5,09"	1	2	2
169	2012	890920879	0	7	"4,69"	1	2	3
169	2013	890920879	0	7	"4,50"	1	1	4
169	2014	890920879	0	7	"4,71"	1	1	5
170	2010	890921112	0	9	"3,56"	1	1	1
170	2011	890921112	0	9	"3,47"	1	1	2
170	2012	890921112	0	9	"2,68"	2	1	3
170	2013	890921112	0	9	"1,92"	2	2	4
170	2014	890921112	0	9	"1,48"	2	1	5
171	2010	890923080	1	5	"2,28"	2	1	1
171	2011	890923080	1	5	"1,67"	2	1	2
171	2012	890923080	1	5	"1,77"	2	1	3
171	2013	890923080	1	5	"1,22"	3	1	4
171	2014	890923080	1	5	"1,22"	3	1	5
172	2010	890923776	0	5	"1,60"	2	2	1
172	2011	890923776	0	5	"1,71"	2	1	2
172	2012	890923776	0	5	"2,07"	2	2	3
172	2013	890923776	0	5	"2,08"	2	1	4
172	2014	890923776	0	5	"2,16"	2	5	5
173	2010	890926122	1	2	"2,14"	2	1	1
173	2011	890926122	1	2	"2,33"	2	1	2
173	2012	890926122	1	2	"1,96"	2	2	3
173	2013	890926122	1	2	"2,24"	2	1	4
173	2014	890926122	1	2	"2,14"	2	2	5
174	2010	890926421	0	1	"2,91"	1	1	1
174	2011	890926421	0	1	"3,11"	1	1	2
174	2012	890926421	0	1	"1,57"	2	3	3
174	2013	890926421	0	1	"2,05"	2	1	4
174	2014	890926421	0	1	"1,83"	2	2	5
175	2010	890926689	0	5	"1,96"	2	3	1
175	2011	890926689	0	5	"2,11"	2	1	2
175	2012	890926689	0	5	"2,17"	2	1	3
175	2013	890926689	0	5	"2,96"	1	2	4
175	2014	890926689	0	5	"2,87"	2	2	5
176	2010	890927144	1	4	"2,85"	2	2	1
176	2011	890927144	1	4	"3,18"	1	1	2
176	2012	890927144	1	4	"7,02"	1	1	3
176	2013	890927144	1	4	"7,72"	1	2	4
176	2014	890927144	1	4	"4,10"	1	3	5
177	2010	890928577	1	12	"5,02"	1	2	1
177	2011	890928577	1	12	"5,34"	1	1	2
177	2012	890928577	1	12	"2,73"	2	1	3
177	2013	890928577	1	12	"5,88"	1	4	4
177	2014	890928577	1	12	"4,13"	1	1	5
178	2010	890929001	1	5	"1,24"	2	4	1
178	2011	890929001	1	5	"1,08"	3	1	2
178	2012	890929001	1	5	"1,02"	3	2	3
178	2013	890929001	1	5	"0,57"	3	3	4
178	2014	890929001	1	5	"0,27"	3	1	5
179	2010	890929019	0	6	"3,57"	1	1	1
179	2011	890929019	0	6	"2,66"	2	1	2
179	2012	890929019	0	6	"1,94"	2	2	3
179	2013	890929019	0	6	"2,04"	2	1	4
179	2014	890929019	0	6	"2,20"	2	2	5
180	2010	890929455	1	12	"4,33"	1	1	1
180	2011	890929455	1	12	"4,36"	1	1	2
180	2012	890929455	1	12	"4,71"	1	1	3
180	2013	890929455	1	12	"4,43"	1	1	4
180	2014	890929455	1	12	"4,62"	1	4	5
181	2010	890929589	1	6	"2,86"	2	1	1
181	2011	890929589	1	6	"2,95"	1	1	2
181	2012	890929589	1	6	"2,21"	2	1	3
181	2013	890929589	1	6	"2,85"	2	1	4
181	2014	890929589	1	6	"3,33"	1	1	5
182	2010	890929809	0	5	"2,06"	2	1	1
182	2011	890929809	0	5	"2,13"	2	1	2
182	2012	890929809	0	5	"2,00"	2	2	3
182	2013	890929809	0	5	"1,94"	2	3	4
182	2014	890929809	0	5	"1,82"	2	4	5
183	2010	890932874	0	3	"0,47"	3	1	1
183	2011	890932874	0	3	"0,46"	3	1	2
183	2012	890932874	0	3	"0,47"	3	1	3
183	2013	890932874	0	3	"0,46"	3	2	4
183	2014	890932874	0	3	"1,64"	2	3	5
184	2010	890935900	1	12	"2,85"	2	1	1
184	2011	890935900	1	12	"3,24"	1	1	2
184	2012	890935900	1	12	"3,33"	1	4	3
184	2013	890935900	1	12	"3,69"	1	2	4
184	2014	890935900	1	12	"3,64"	1	1	5
185	2010	890935977	1	12	"2,09"	2	1	1
185	2011	890935977	1	12	"3,59"	1	1	2
185	2012	890935977	1	12	"3,03"	1	2	3
185	2013	890935977	1	12	"3,00"	1	1	4
185	2014	890935977	1	12	"3,80"	1	1	5
186	2010	890936642	1	3	"1,40"	2	1	1
186	2011	890936642	1	3	"1,54"	2	1	2
186	2012	890936642	1	3	"1,28"	2	1	3
186	2013	890936642	1	3	"0,60"	3	3	4
186	2014	890936642	1	3	"0,66"	3	1	5
187	2010	890936976	1	10	"1,85"	2	3	1
187	2011	890936976	1	10	"2,01"	2	1	2
187	2012	890936976	1	10	"2,19"	2	1	3
187	2013	890936976	1	10	"2,31"	2	1	4
187	2014	890936976	1	10	"1,88"	2	1	5
188	2010	890938692	0	5	"1,33"	2	1	1
188	2011	890938692	0	5	"1,32"	2	1	2
188	2012	890938692	0	5	"1,69"	2	3	3
188	2013	890938692	0	5	"1,36"	2	1	4
188	2014	890938692	0	5	"1,49"	2	1	5
189	2010	890938755	0	2	"2,14"	2	1	1
189	2011	890938755	0	2	"2,25"	2	1	2
189	2012	890938755	0	2	"2,50"	2	1	3
189	2013	890938755	0	2	"2,76"	2	1	4
189	2014	890938755	0	2	"2,96"	1	1	5
190	2010	890939468	1	6	"2,96"	1	1	1
190	2011	890939468	1	6	"3,29"	1	1	2
190	2012	890939468	1	6	"4,35"	1	1	3
190	2013	890939468	1	6	"4,94"	1	1	4
190	2014	890939468	1	6	"5,95"	1	1	5
191	2010	890939648	1	12	"3,25"	1	1	1
191	2011	890939648	1	12	"3,43"	1	1	2
191	2012	890939648	1	12	"2,74"	2	1	3
191	2013	890939648	1	12	"2,81"	2	2	4
191	2014	890939648	1	12	"2,37"	2	1	5
192	2010	890939806	1	2	"-1,08"	3	1	1
192	2011	890939806	1	2	"-1,08"	3	1	2
192	2012	890939806	1	2	"-1,27"	3	1	3
192	2013	890939806	1	2	"-1,39"	3	1	4
192	2014	890939806	1	2	"-5,24"	3	1	5
193	2010	890940275	0	12	"1,53"	2	1	1
193	2011	890940275	0	12	"1,55"	2	1	2
193	2012	890940275	0	12	"1,68"	2	1	3
193	2013	890940275	0	12	"1,76"	2	1	4
193	2014	890940275	0	12	"1,51"	2	1	5
194	2010	890940503	0	7	"5,12"	1	2	1
194	2011	890940503	0	7	"1,89"	2	1	2
194	2012	890940503	0	7	"2,52"	2	1	3
194	2013	890940503	0	7	"2,40"	2	2	4
194	2014	890940503	0	7	"2,32"	2	1	5
195	2010	890941825	1	12	"2,10"	2	1	1
195	2011	890941825	1	12	"1,86"	2	1	2
195	2012	890941825	1	12	"1,45"	2	2	3
195	2013	890941825	1	12	"1,30"	2	1	4
195	2014	890941825	1	12	"0,75"	3	1	5
196	2010	890941851	0	5	"1,60"	2	2	1
196	2011	890941851	0	5	"1,31"	2	1	2
196	2012	890941851	0	5	"1,40"	2	2	3
196	2013	890941851	0	5	"1,54"	2	1	4
196	2014	890941851	0	5	"1,46"	2	2	5
197	2010	890941916	0	8	"3,04"	1	1	1
197	2011	890941916	0	8	"2,29"	2	1	2
197	2012	890941916	0	8	"2,36"	2	2	3
197	2013	890941916	0	8	"2,84"	2	1	4
197	2014	890941916	0	8	"3,25"	1	1	5
198	2010	890942360	0	12	"2,73"	2	2	1
198	2011	890942360	0	12	"3,05"	1	1	2
198	2012	890942360	0	12	"-0,03"	3	1	3
198	2013	890942360	0	12	"3,16"	1	1	4
198	2014	890942360	0	12	"2,80"	2	1	5
199	2010	890942840	1	3	"1,37"	2	2	1
199	2011	890942840	1	3	"1,18"	3	2	2
199	2012	890942840	1	3	"4,98"	1	1	3
199	2013	890942840	1	3	"5,16"	1	1	4
199	2014	890942840	1	3	"5,48"	1	1	5
200	2010	900011657	1	8	"5,06"	1	1	1
200	2011	900011657	1	8	"4,86"	1	1	2
200	2012	900011657	1	8	"5,31"	1	1	3
200	2013	900011657	1	8	"4,72"	1	1	4
200	2014	900011657	1	8	"4,41"	1	3	5
201	2010	900044503	0	5	"1,96"	2	2	1
201	2011	900044503	0	5	"1,70"	2	2	2
201	2012	900044503	0	5	"1,63"	2	2	3
201	2013	900044503	0	5	"1,46"	2	1	4
201	2014	900044503	0	5	"1,45"	2	4	5
202	2010	900061593	1	5	"1,92"	2	4	1
202	2011	900061593	1	5	"1,37"	2	4	2
202	2012	900061593	1	5	"1,89"	2	1	3
202	2013	900061593	1	5	"5,51"	1	1	4
202	2014	900061593	1	5	"1,43"	2	4	5
203	2010	900082011	0	3	"1,13"	3	1	1
203	2011	900082011	0	3	"1,43"	2	1	2
203	2012	900082011	0	3	"1,52"	2	3	3
203	2013	900082011	0	3	"1,86"	2	1	4
203	2014	900082011	0	3	"1,63"	2	3	5
204	2010	900088916	0	5	"2,00"	2	1	1
204	2011	900088916	0	5	"1,65"	2	1	2
204	2012	900088916	0	5	"1,60"	2	1	3
204	2013	900088916	0	5	"1,68"	2	1	4
204	2014	900088916	0	5	"1,55"	2	4	5
205	2010	900089324	0	5	"1,35"	2	1	1
205	2011	900089324	0	5	"1,13"	3	1	2
205	2012	900089324	0	5	"1,05"	3	3	3
205	2013	900089324	0	5	"1,17"	3	1	4
205	2014	900089324	0	5	"1,26"	2	1	5
206	2010	900110227	1	1	"0,92"	3	1	1
206	2011	900110227	1	1	"1,10"	3	1	2
206	2012	900110227	1	1	"-1,01"	3	1	3
206	2013	900110227	1	1	"0,04"	3	1	4
206	2014	900110227	1	1	"4,29"	1	2	5
207	2010	900114825	0	3	"1,46"	2	2	1
207	2011	900114825	0	3	"1,54"	2	1	2
207	2012	900114825	0	3	"2,38"	2	4	3
207	2013	900114825	0	3	"1,60"	2	3	4
207	2014	900114825	0	3	"1,49"	2	1	5
208	2010	900147530	0	5	"1,55"	2	1	1
208	2011	900147530	0	5	"1,41"	2	1	2
208	2012	900147530	0	5	"1,30"	2	1	3
208	2013	900147530	0	5	"1,35"	2	1	4
208	2014	900147530	0	5	"1,33"	2	1	5
209	2010	900182268	1	10	"0,85"	3	4	1
209	2011	900182268	1	10	"2,03"	2	1	2
209	2012	900182268	1	10	"0,78"	3	1	3
209	2013	900182268	1	10	"0,83"	3	1	4
209	2014	900182268	1	10	"0,82"	3	1	5
210	2010	900185737	1	1	"1,40"	2	1	1
210	2011	900185737	1	1	"1,55"	2	1	2
210	2012	900185737	1	1	"0,90"	3	1	3
210	2013	900185737	1	1	"1,52"	2	3	4
210	2014	900185737	1	1	"0,72"	3	1	5
211	2010	900223044	1	10	"6,83"	1	1	1
211	2011	900223044	1	10	"7,70"	1	2	2
211	2012	900223044	1	10	"3,25"	1	1	3
211	2013	900223044	1	10	"5,42"	1	1	4
211	2014	900223044	1	10	"3,90"	1	1	5
212	2010	900231101	0	7	"9,62"	1	1	1
212	2011	900231101	0	7	"5,14"	1	1	2
212	2012	900231101	0	7	"5,67"	1	1	3
212	2013	900231101	0	7	"5,19"	1	1	4
212	2014	900231101	0	7	"4,17"	1	3	5
213	2010	900305092	1	6	"7,52"	1	2	1
213	2011	900305092	1	6	"3,55"	1	1	2
213	2012	900305092	1	6	"3,78"	1	1	3
213	2013	900305092	1	6	"1,66"	2	1	4
213	2014	900305092	1	6	1	3	1	5
